20 20 5
4
1
1
4
1
1
1
1
1
4
2 51
1
4
1
4
1
1
4
1
1
1
4
2 44
1
1
1
4
4
1
4
4
2 54
4
1
2 36
1
1
1
1
4
1
1
1
2 36
1
4
1
4
4
1
1
1
1
1
1
1
4
1
1
1
1
1
1
4
1
1
1
1
1
1
1
1
4
4
4
1
1
1
2 43
1
4
1
1
1
1
1
1
1
1
4
1
1
1
1
1
1
1
4
3
1
2 37
1
4
4
2 37
1
4
4
2 48
1
1
1
1
1
1
2 48
1
1
1
1
2 46
1
1
1
1
1
1
1
1
1
4
4
1
2 36
1
1
1
1
1
1
4
1
1
1
1
1
1
1
1
1
1
3
1
1
1
2 45
4
1
4
1
4
1
1
4
4
1
2 51
1
1
1
1
2 38
1
4
1
1
2 43
1
1
1
4
1
1
2 42
4
3
4
3
1
1
4
1
1
4
2 37
2 45
1
2 38
1
1
1
1
1
4
4
1
1
1
4
1
1
3
4
1
4
1
1
1
1
4
1
1
1
1
1
1
4
1
1
4
1
4
4
1
1
4
1
4
2 55
1
1
4
4
4
1
1
4
1
2 48
1
4
1
1
2 52
4
1
1
4
4
1
1
4
1
1
4
1
1
1
1
1
1
2 55
1
1
1
1
4
1
1
4
1
1
2 41
2 55
1
1
4
1
4
1
1
2 45
2 38
1
1
1
4
1
1
1
1
4
1
2 38
4
1
1
1
4
1
1
1
4
1
1
1
2 38
4
1
1
1
1
4
4
1
1
1
1
1
1
1
1
1
2 49
1
1
1
1
2 47
1
1
1
1
4
1
1
2 53
4
1
1
1
1
1
1
1
1
1
2 54
1
1
1
1
1
1
1
1
1
1
1
1
1
1
1
4
1
1
1
4
1
1
1
1
1
1
1
1
1
1
1
1
1
1
4
1
1
1
1
1
1
1
