21 21 5
4
1
4
4
1
1
4
1
1
1
1
4
1
1
2 50
1
1
1
1
1
1
4
1
4
1
4
3
4
4
4
1
1
1
1
1
1
1
1
2 50
2 39
1
1
1
1
1
1
1
1
2 40
2 39
1
2 41
4
1
1
1
2 47
1
1
1
1
1
2 51
1
2 36
4
1
1
1
1
1
2 48
1
2 35
2 39
1
1
1
1
2 45
1
4
1
4
1
2 45
1
1
1
1
2 37
4
2 39
4
1
1
1
1
1
1
1
1
1
4
1
1
1
1
4
2 46
1
1
4
1
1
4
1
2 43
1
2 55
1
1
1
1
1
1
1
4
4
1
1
1
1
1
4
1
2 40
1
4
1
1
1
1
1
1
1
1
1
1
1
4
1
1
2 55
4
1
1
1
1
1
2 54
2 49
1
4
1
2 55
4
1
1
3
1
4
1
1
4
1
1
4
2 53
4
1
2 44
1
4
4
1
1
1
1
2 35
1
1
2 35
1
1
4
1
1
4
1
1
1
1
4
1
1
4
3
1
1
1
1
1
1
1
1
1
1
1
1
4
1
1
4
1
1
2 52
4
2 44
2 51
4
1
1
2 52
2 35
1
1
1
1
1
1
1
1
4
2 40
1
1
2 53
4
4
1
4
1
1
1
1
1
4
4
1
1
1
1
2 55
1
1
1
1
1
4
4
4
2 50
1
1
1
1
1
1
4
4
3
4
2 54
1
4
4
1
1
1
4
1
1
1
1
4
1
1
4
1
2 42
1
2 46
1
1
1
4
1
4
1
1
1
1
1
4
1
1
1
4
4
1
1
4
1
1
2 35
2 50
1
2 35
2 46
1
1
1
1
1
1
4
2 40
1
1
1
4
1
1
1
1
1
1
1
1
2 54
1
1
4
1
4
4
1
1
1
1
1
4
1
1
4
1
1
2 43
2 41
4
1
1
1
1
1
2 55
4
1
1
1
4
4
1
1
1
4
1
2 54
1
4
4
1
1
1
1
1
1
4
1
4
3
4
4
4
2 44
1
1
1
1
1
2 48
4
1
4
1
4
1
4
1
1
4
4
2 40
1
1
1
2 51
1
1
1
1
4
1
1
1
2 40
4
1
1
1
